2101 1
2102 2
2103 3
2104 4
2105 5
2106 6
2107 7
2108 8
2109 9
2110 10
2111 11
2112 12
2113 13
2114 14
2115 15
2116 16
2117 17
2118 18
2119 19
2120 20
2121 21
2201 22
2202 23
2203 24
2204 25
2205 26
2206 27
2207 28
2208 29
2209 30
2210 31
2211 32
2212 33
2213 34
2214 35
2215 36
2216 37
2217 38
2218 39
2219 40
2220 41
2221 42
2301 43
2302 44
2303 45
2304 46
2305 47
2306 48
2307 49
2308 50
2309 51
2310 52
2311 53
2312 54
2313 55
2314 56
2315 57
2316 58
2317 59
2318 60
2319 61
2320 62
2321 63
2401 64
2402 65
2403 66
2404 67
2405 68
2406 69
2407 70
2408 71
2409 72
2410 73
2411 74
2412 75
2413 76
2414 77
2415 78
2416 79
2417 80
2418 81
2419 82
2420 83
2421 84